[gd_scene load_steps=11 format=2]

[ext_resource path="res://TestScenes/Floor.tscn" type="PackedScene" id=1]
[ext_resource path="res://TestScenes/BridgeWar.gd" type="Script" id=2]
[ext_resource path="res://TestScenes/AdvancedCameraPC.tscn" type="PackedScene" id=3]
[ext_resource path="res://addons/rigidRagdoll/Characters/SimpleRR.tscn" type="PackedScene" id=4]
[ext_resource path="res://addons/rigidRagdoll/Characters/SimpleRRv2.tscn" type="PackedScene" id=6]

[sub_resource type="CubeMesh" id=7]
size = Vector3( 6, 2, 16 )

[sub_resource type="BoxShape" id=8]
extents = Vector3( 3, 1, 8 )

[sub_resource type="CubeMesh" id=5]
size = Vector3( 2, 6, 6 )

[sub_resource type="BoxShape" id=6]
extents = Vector3( 1, 3, 3 )

[sub_resource type="SphereShape" id=4]
radius = 3.0

[node name="Spatial" type="Spatial"]
script = ExtResource( 2 )

[node name="Floor" parent="." instance=ExtResource( 1 )]
transform = Transform( 1, 0, 0, 0, 1, 0, 0, 0, 1, 0, -1.01, -12.237 )
collision_layer = 3
collision_mask = 3

[node name="Spatial2" parent="." instance=ExtResource( 6 )]
transform = Transform( 1, 0, 0, 0, 1, 0, 0, 0, 1, -1.49593, 0.0952873, 14.351 )

[node name="Bridge" type="StaticBody" parent="."]
transform = Transform( 1, 0, 0, 0, 1, 0, 0, 0, 1, 0, -1, 15.7379 )
collision_layer = 3
collision_mask = 0

[node name="MeshInstance" type="MeshInstance" parent="Bridge"]
mesh = SubResource( 7 )
material/0 = null

[node name="CollisionShape" type="CollisionShape" parent="Bridge"]
shape = SubResource( 8 )

[node name="Walls" type="Spatial" parent="."]

[node name="Wall1" type="StaticBody" parent="Walls"]
transform = Transform( 0.817557, 0, 0.575847, 0, 1, 0, -0.575847, 0, 0.817557, -5.73374, 3.18586, 0 )

[node name="MeshInstance" type="MeshInstance" parent="Walls/Wall1"]
mesh = SubResource( 5 )
material/0 = null

[node name="CollisionShape" type="CollisionShape" parent="Walls/Wall1"]
shape = SubResource( 6 )

[node name="Wall2" type="StaticBody" parent="Walls"]
transform = Transform( -0.825202, 0, 0.564837, 0, 1, 0, -0.564837, 0, -0.825202, 4.58829, 3.18586, 0 )

[node name="MeshInstance" type="MeshInstance" parent="Walls/Wall2"]
mesh = SubResource( 5 )
material/0 = null

[node name="CollisionShape" type="CollisionShape" parent="Walls/Wall2"]
shape = SubResource( 6 )

[node name="Wall5" type="StaticBody" parent="Walls"]
transform = Transform( -0.10708, 0, 0.99425, 0, 1, 0, -0.99425, 0, -0.10708, 8.49994, 3.18586, -2.34829 )

[node name="MeshInstance" type="MeshInstance" parent="Walls/Wall5"]
mesh = SubResource( 5 )
material/0 = null

[node name="CollisionShape" type="CollisionShape" parent="Walls/Wall5"]
shape = SubResource( 6 )

[node name="Wall6" type="StaticBody" parent="Walls"]
transform = Transform( -0.10708, 0, 0.99425, 0, 1, 0, -0.99425, 0, -0.10708, -9.45177, 3.18586, -1.744 )

[node name="MeshInstance" type="MeshInstance" parent="Walls/Wall6"]
mesh = SubResource( 5 )
material/0 = null

[node name="CollisionShape" type="CollisionShape" parent="Walls/Wall6"]
shape = SubResource( 6 )

[node name="Wall3" type="StaticBody" parent="Walls"]
transform = Transform( -0.994412, 0, -0.10557, 0, 1, 0, 0.10557, 0, -0.994412, 3.28797, 3.18586, 4.85498 )

[node name="MeshInstance" type="MeshInstance" parent="Walls/Wall3"]
mesh = SubResource( 5 )
material/0 = null

[node name="CollisionShape" type="CollisionShape" parent="Walls/Wall3"]
shape = SubResource( 6 )

[node name="Wall4" type="StaticBody" parent="Walls"]
transform = Transform( -0.994412, 0, -0.10557, 0, 1, 0, 0.10557, 0, -0.994412, -3.87725, 3.18586, 4.85498 )

[node name="MeshInstance" type="MeshInstance" parent="Walls/Wall4"]
mesh = SubResource( 5 )
material/0 = null

[node name="CollisionShape" type="CollisionShape" parent="Walls/Wall4"]
shape = SubResource( 6 )

[node name="Camera" parent="." instance=ExtResource( 3 )]
transform = Transform( -0.999759, 0, 0.021972, 0, 1, 0, -0.021972, 0, -0.999759, 0, 1.368, -14.8714 )

[node name="Area" type="Area" parent="."]
transform = Transform( 1, 0, 0, 0, 1, 0, 0, 0, 1, 0, 0, 6.57556 )
space_override = 3
linear_damp = 5.0

[node name="CollisionShape" type="CollisionShape" parent="Area"]
transform = Transform( 1, 0, 0, 0, 1, 0, 0, 0, 1, 0, 1.12701, 0 )
shape = SubResource( 4 )

[node name="Spatial" parent="." instance=ExtResource( 4 )]
transform = Transform( 1, 0, 0, 0, 1, 0, 0, 0, 1, 0, 0, 13.0142 )
